.Random.seed <-
c(403L, 10L, -1514716132L, 212795679L, 648884597L, -938414068L, 
1770846690L, -1404689731L, 140467511L, 1778909662L, 1797867288L, 
-1068790149L, -286843879L, -798053208L, 2131838550L, 1741333201L, 
2145079939L, 1799227666L, 1878273188L, -393044889L, 668521917L, 
1635977012L, -460589926L, 1993390821L, 1652778111L, -1435238906L, 
-146445936L, -1611615181L, -1861641263L, -868986496L, -2146796450L, 
-2109539415L, -1443528101L, 133699178L, -982844660L, -73159345L, 
1247409669L, -1183122244L, 1810152850L, -374557043L, -1025946425L, 
-1965381202L, 802345992L, 2086635531L, -2005000983L, 1149565880L, 
1862771814L, -1198390015L, 2046313363L, 1225376834L, -405234700L, 
673977847L, 897624557L, -643159420L, -1334948694L, 1617648149L, 
2025211567L, 859153590L, -762383648L, -755626461L, 688476481L, 
-1954665424L, -726919602L, 819061433L, -669411637L, 1653272442L, 
-1263249796L, 1901449919L, -2140048491L, -855346260L, -1900414590L, 
-375193763L, 130847319L, -1955915458L, -2026178184L, -833383845L, 
-1859471943L, 1137625096L, 555940534L, 1302475249L, 525248547L, 
-1896322958L, -290719036L, 407473287L, -114081699L, -1197439404L, 
1971184762L, 1029197765L, -799829729L, -949600090L, -1922768336L, 
-907421485L, -1746168079L, 1928869408L, -65855298L, 927179977L, 
1331252859L, 2147286090L, 452347052L, 330015663L, -860846235L, 
-403628772L, -1939790478L, -767758867L, 166175271L, 609972814L, 
-280709464L, 194792619L, 1942171081L, -742546984L, 3938438L, 
-152173215L, 244054259L, -142547102L, -1160400428L, 1164448983L, 
-1621879091L, -899801500L, -1407329206L, 1744157109L, 2104231183L, 
1370649110L, -1088000832L, -1689425277L, 1820333729L, -1385523056L, 
574714734L, 315079961L, 1261317547L, 509668250L, -951532708L, 
74908255L, 1761053237L, 311275980L, -924120798L, -879965315L, 
1442080887L, 1795210654L, 767292504L, 703852987L, 1718683481L, 
707585256L, -939160298L, -1733054831L, 1281385283L, -2069537198L, 
-28970780L, 1584579367L, 2036029309L, -2015184268L, -420838310L, 
1378548901L, 1945904831L, -717570746L, -1456716848L, -1356902925L, 
204654865L, -1244203712L, -1580092130L, -468692503L, 1501340443L, 
1349135658L, -655808948L, 1271317007L, 952153413L, 1609799420L, 
1330015570L, -1654111539L, 652384903L, 1177025902L, -2070890680L, 
-1764322485L, -882361687L, -1560064008L, -2110218458L, 1571053633L, 
-801320493L, 1349401474L, -2004054092L, -1384151241L, 1647926829L, 
-1105883324L, 1320455274L, 2065823445L, 682123375L, -416095882L, 
1636428448L, 1855182691L, -993592319L, -1201920144L, 1060663054L, 
1853196665L, -2016035573L, -413055430L, -583623364L, -308833665L, 
515250645L, -1758930964L, 547514690L, 666105501L, 969597719L, 
2066559614L, -428129736L, -1598745317L, 1004593785L, 1820532424L, 
1915868918L, 92897073L, 1105950563L, 1344597298L, 496373380L, 
760277703L, -889321059L, 795450644L, 160953274L, 1805555205L, 
363812831L, 873442918L, -2070775312L, -1952884973L, 218863793L, 
2090191712L, -1248773890L, 793274505L, 1990588347L, -119705206L, 
790290540L, 314868207L, 401316389L, -1081011532L, -328835768L, 
1668867770L, 823792400L, 2053994732L, 360619092L, 1295383314L, 
-704946784L, 72054732L, 1202512736L, -50656062L, 927564328L, 
1788702124L, -1246299332L, 980655986L, -1700421840L, 1916449828L, 
1161081400L, 1270425306L, -1883729008L, -708704004L, -1716633196L, 
147034946L, 715807232L, -401386436L, 1881479760L, -648792926L, 
1901967176L, -1453138420L, 1074818780L, -919482286L, -644251520L, 
-1456264364L, 1098077160L, 888308474L, 961474384L, 116355116L, 
1224761716L, -1412218222L, 1036964448L, 1101190284L, -2056510112L, 
-1510774558L, -2135347032L, 971672268L, 1953347068L, 404168626L, 
-1602615312L, -1392646716L, -474293928L, 69956986L, 499701168L, 
-1267582532L, -2001597868L, 379661762L, -1365271776L, -734917700L, 
2091377744L, 1608355810L, 1141969768L, -1777121460L, -1836340484L, 
-390923534L, -494939904L, -1973717900L, -1004680696L, -1597122118L, 
569076176L, -1771533332L, 1146910612L, 1708530898L, 1701202016L, 
-91205300L, 591165216L, -627582334L, -1370134040L, 63337452L, 
-1040249284L, 596945522L, 1492266864L, -847265500L, -1298174408L, 
-593224294L, 107480528L, 2141036988L, -88599916L, -763926910L, 
1369747904L, -1587384516L, 1939203728L, -1982123230L, -1597831672L, 
-355371252L, -2121443428L, 434491410L, -2121571456L, 530845460L, 
-153753304L, -1125781446L, 2082916304L, -2093004180L, 1112923188L, 
1045398674L, -16716448L, -356871860L, -823887392L, 1908092834L, 
1578192808L, 1059202188L, 2141856700L, 1216297074L, 785245168L, 
-1936498620L, -1131772840L, -2145099718L, 155607152L, -1529040324L, 
-49644780L, 219782850L, -1436619040L, -1942449028L, 963600592L, 
733811618L, 507707944L, 1952236812L, -440464452L, 1840104754L, 
-194880320L, -274231756L, -427231544L, 1060525754L, -1317347184L, 
-701117716L, 1587952212L, 592101010L, -1398228192L, 200117196L, 
-408294176L, 737684162L, -924766168L, -817640532L, 1780681404L, 
984348146L, 1408386608L, -122892380L, -414739016L, 1708687194L, 
2027038864L, -1342084228L, -1910824172L, 2062119234L, 2143175424L, 
-1663139908L, 174072656L, 754398498L, 1683148360L, -1498621940L, 
1981063260L, 552724946L, -2066183680L, -1847918252L, -2097941272L, 
1603103994L, -2116143408L, 1681399084L, 873761012L, 344458642L, 
-140166816L, -150005748L, 769126112L, -975910302L, 744087208L, 
-282053044L, -1386685572L, -1730783950L, -1744150928L, -659879100L, 
35820504L, 572665722L, 1259278896L, 1782533052L, -2033999276L, 
1253592130L, 2070214816L, 635810492L, -724787760L, -1152288926L, 
1216688872L, 2025133260L, -1070871044L, -1464763918L, 1757582976L, 
-1498397196L, 677044872L, 200505146L, 1879744336L, 264969324L, 
-114332268L, 981310546L, -1467356704L, -557910836L, 237781152L, 
910141826L, -1959970584L, 169915116L, -258099908L, 1043790962L, 
-1499110288L, 536587300L, -772472776L, -1719968998L, -1893999408L, 
1062931260L, -237897836L, 1121800066L, -990894656L, -521457092L, 
995551632L, 326511138L, -623833848L, -43459956L, -179517668L, 
1530110098L, 1529618816L, 1682145812L, -2000174296L, 706676282L, 
1114912184L, -1767011178L, -1160969565L, 950756453L, -557362814L, 
600443632L, -992231783L, -314088821L, -1604516996L, 1101043114L, 
356441567L, 326708073L, -1354429570L, -242130068L, -843438147L, 
-1666624377L, -1585682320L, 1844392718L, -868376517L, -989884643L, 
1278787018L, -877963544L, -703972911L, 888024003L, 1497556164L, 
1682684786L, 465258055L, 787723793L, 95156118L, 2047191796L, 
850754693L, -96542257L, 1584624840L, 1923274086L, -2066626669L, 
271214837L, -1745960750L, 760753952L, 400494345L, 1590761531L, 
-792932980L, -1882602470L, 1748572303L, -2066288679L, -71462802L, 
95212540L, -1861025427L, -1937253609L, 1033751264L, -2007385922L, 
-807938421L, 2018766093L, 1519485242L, -162942600L, -51674335L, 
-1423420461L, 2137651956L, 1949324162L, -1955536361L, 1931923681L, 
520453670L, -307472604L, 1769502677L, -858361985L, 1749760536L, 
-1833215690L, 1440311235L, 1815594501L, 823895458L, 717269392L, 
-734441159L, 1672717803L, 1618126556L, 1823855370L, 1361575423L, 
-1687010231L, -509643298L, -1671953012L, -1131392675L, 458664295L, 
1607662224L, -175115090L, 1595393371L, 303196477L, -1393863766L, 
-1443814328L, 725208177L, 1342638563L, 553510116L, 699711506L, 
1389491175L, -1954767951L, 1391818230L, -965650412L, -1043908827L, 
-1395863505L, -594183704L, -2086461754L, 1998905203L, 1409497045L, 
1503760306L, 976984448L, -1462976151L, -55949861L, 1900526892L, 
-1165506758L, -338069009L, 250862713L, -51876082L, 804170460L, 
-632526515L, 92349623L, 1283128896L, -1425690850L, 1462953451L, 
45537645L, 1066645466L, -774639208L, -1797775359L, -1903504973L, 
1370540244L, 1792642530L, -234039177L, 1687326145L, -480483514L, 
-1841106300L, -2115691467L, -1481696225L, 2116582264L, -555335082L, 
-498184477L, -566843227L, 1221130562L, 1142865712L, -206640295L, 
-1279180597L, -680423108L, -1991647894L, -278579297L, -1328602583L, 
